5
1	0	1	3	188.538	37.99	-122.599
3.02953e+07	138576	0.117647	1000	0.3	3	1	0.2	-0.001	0.1
2	0	3	3	4497.43	37.795	-122.282
4.06605e+08	9.91683e+06	0.117647	1000	0.3	3	1	0.2	-0.001	0.1
4.06605e+08	9.91683e+06	0.117647	1000	0.3	3	1	0.2	-0.001	0.1
4.06605e+08	9.91683e+06	0.117647	1000	0.3	3	1	0.2	-0.001	0.1
3	0	1	3	120.773	37.9439	-122.531
1.94064e+07	88768.1	0.117647	1000	0.3	3	1	0.2	-0.001	0.1
4	0	1	3	118.915	37.7077	-122.45
1.91079e+07	87402.5	0.117647	1000	0.3	3	1	0.2	-0.001	0.1
5	0	1	3	309.365	38.4751	-122.859
4.97103e+07	227383	0.117647	1000	0.3	3	1	0.2	-0.001	0.1
1	0	1	3	188.538	37.99	-122.599
0.0032	0.0079	0.0245	0.06	
2	0	3	3	4497.43	37.795	-122.282
0.0032	0.0079	0.0245	0.06	
0.0032	0.0079	0.0245	0.06	
0.0032	0.0079	0.0245	0.06	
3	0	1	3	120.773	37.9439	-122.531
0.0032	0.0079	0.0245	0.06	
4	0	1	3	118.915	37.7077	-122.45
0.0032	0.0079	0.0245	0.06	
5	0	1	3	309.365	38.4751	-122.859
0.0032	0.0079	0.0245	0.06	
